muav(1,1) = 0.0001;
musv(1,1) = 1.0000;
gv(1,1) = 1.0000;

muav(1,2) = 0.0224;
musv(1,2) = 10.0000;
gv(1,2) = 1.0000;

muav(1,3) = 4.2827;
musv(1,3) = 63.6943;
gv(1,3) = 0.9000;

muav(1,4) = 0.0233;
musv(1,4) = 145.8914;
gv(1,4) = 0.9000;

muav(1,5) = 4.5536;
musv(1,5) = 254.7771;
gv(1,5) = 0.9000;

muav(1,6) = 0.0100;
musv(1,6) = 191.0828;
gv(1,6) = 0.9000;

muav(1,7) = 0.0594;
musv(1,7) = 108.4944;
gv(1,7) = 0.9000;

muav(1,8) = 0.0594;
musv(1,8) = 108.4944;
gv(1,8) = 0.9000;

muav(1,9) = 1.0000;
musv(1,9) = 100.0000;
gv(1,9) = 0.9000;

muav(1,10) = 1.0000;
musv(1,10) = 100.0000;
gv(1,10) = 0.9000;

muav(2,1) = 0.0001;
musv(2,1) = 1.0000;
gv(2,1) = 1.0000;

muav(2,2) = 0.0456;
musv(2,2) = 10.0000;
gv(2,2) = 1.0000;

muav(2,3) = 5.2969;
musv(2,3) = 58.3431;
gv(2,3) = 0.9000;

muav(2,4) = 0.0398;
musv(2,4) = 124.4612;
gv(2,4) = 0.9000;

muav(2,5) = 3.4214;
musv(2,5) = 233.3722;
gv(2,5) = 0.9000;

muav(2,6) = 0.0186;
musv(2,6) = 175.0292;
gv(2,6) = 0.9000;

muav(2,7) = 0.0868;
musv(2,7) = 97.9835;
gv(2,7) = 0.9000;

muav(2,8) = 0.0868;
musv(2,8) = 97.9835;
gv(2,8) = 0.9000;

muav(2,9) = 1.0000;
musv(2,9) = 100.0000;
gv(2,9) = 0.9000;

muav(2,10) = 1.0000;
musv(2,10) = 100.0000;
gv(2,10) = 0.9000;

muav(3,1) = 0.0001;
musv(3,1) = 1.0000;
gv(3,1) = 1.0000;

muav(3,2) = 0.0578;
musv(3,2) = 10.0000;
gv(3,2) = 1.0000;

muav(3,3) = 5.7160;
musv(3,3) = 56.5611;
gv(3,3) = 0.9000;

muav(3,4) = 0.0485;
musv(3,4) = 118.0359;
gv(3,4) = 0.9000;

muav(3,5) = 3.0981;
musv(3,5) = 226.2443;
gv(3,5) = 0.9000;

muav(3,6) = 0.0230;
musv(3,6) = 169.6833;
gv(3,6) = 0.9000;

muav(3,7) = 0.0999;
musv(3,7) = 94.5916;
gv(3,7) = 0.9000;

muav(3,8) = 0.0999;
musv(3,8) = 94.5916;
gv(3,8) = 0.9000;

muav(3,9) = 1.0000;
musv(3,9) = 100.0000;
gv(3,9) = 0.9000;

muav(3,10) = 1.0000;
musv(3,10) = 100.0000;
gv(3,10) = 0.9000;

muav(4,1) = 0.0001;
musv(4,1) = 1.0000;
gv(4,1) = 1.0000;

muav(4,2) = 0.0650;
musv(4,2) = 10.0000;
gv(4,2) = 1.0000;

muav(4,3) = 5.8510;
musv(4,3) = 55.8036;
gv(4,3) = 0.9000;

muav(4,4) = 0.0534;
musv(4,4) = 115.4028;
gv(4,4) = 0.9000;

muav(4,5) = 2.9694;
musv(4,5) = 223.2143;
gv(4,5) = 0.9000;

muav(4,6) = 0.0256;
musv(4,6) = 167.4107;
gv(4,6) = 0.9000;

muav(4,7) = 0.1066;
musv(4,7) = 93.1646;
gv(4,7) = 0.9000;

muav(4,8) = 0.1066;
musv(4,8) = 93.1646;
gv(4,8) = 0.9000;

muav(4,9) = 1.0000;
musv(4,9) = 100.0000;
gv(4,9) = 0.9000;

muav(4,10) = 1.0000;
musv(4,10) = 100.0000;
gv(4,10) = 0.9000;

muav(5,1) = 0.0001;
musv(5,1) = 1.0000;
gv(5,1) = 1.0000;

muav(5,2) = 0.0709;
musv(5,2) = 10.0000;
gv(5,2) = 1.0000;

muav(5,3) = 5.9543;
musv(5,3) = 55.1876;
gv(5,3) = 0.9000;

muav(5,4) = 0.0575;
musv(5,4) = 113.3034;
gv(5,4) = 0.9000;

muav(5,5) = 2.8679;
musv(5,5) = 220.7506;
gv(5,5) = 0.9000;

muav(5,6) = 0.0278;
musv(5,6) = 165.5629;
gv(5,6) = 0.9000;

muav(5,7) = 0.1121;
musv(5,7) = 92.0107;
gv(5,7) = 0.9000;

muav(5,8) = 0.1121;
musv(5,8) = 92.0107;
gv(5,8) = 0.9000;

muav(5,9) = 1.0000;
musv(5,9) = 100.0000;
gv(5,9) = 0.9000;

muav(5,10) = 1.0000;
musv(5,10) = 100.0000;
gv(5,10) = 0.9000;

